Function: sin(x)
Interpolational poly: ax^2 + bx + c

x_i | 0.00 | 0.21 | 0.42 | 0.63 | 0.84 | 1.05 | 1.26 | 1.47 | 1.68 | 1.89 | 2.11 | 2.32 | 2.53 | 2.74 | 2.95 | 3.16 | 3.37 | 3.58 | 3.79 | 4.00 |
err | 0.00 | 0.00 | 0.00 | 0.00 | 0.00 | 0.00 | 0.01 | 0.01 | 0.01 | 0.00 | 0.00 | 0.00 | 0.00 | 0.01 | 0.02 | 0.02 | 0.01 | 0.00 | 0.00 | 0.05 |
Function: sin(x)
Interpolational poly: ax^2 + bx + c

x_i | -3.00 | -2.36 | -1.73 | -1.09 | -0.45 | 0.18 | 0.82 | 1.45 | 2.09 | 2.73 | 3.36 | 4.00 |
err | 0.96 | 0.00 | 0.38 | 0.63 | 0.31 | 0.01 | 0.15 | 0.42 | 0.33 | 0.05 | 0.04 | 0.23 |
Function: x^2 + 4*sin(x) - 1
Interpolational poly: ax + b

x_i | -2.00 | -1.79 | -1.58 | -1.37 | -1.16 | -0.95 | -0.74 | -0.53 | -0.32 | -0.11 | 0.11 | 0.32 | 0.53 | 0.74 | 0.95 | 1.16 | 1.37 | 1.58 | 1.79 | 2.00 |
err | 15.01 | 5.22 | 0.91 | 0.01 | 0.83 | 2.14 | 3.18 | 3.59 | 3.35 | 2.63 | 1.70 | 0.84 | 0.25 | 0.01 | 0.10 | 0.42 | 0.82 | 1.17 | 1.38 | 1.39 |
